0 0.428627 0.356253 0.0255683 0.027887 0.673325 A3
0 0.632017 0.693314 0.013509 0.0183088 0.452571 A4
0 0.504577 0.652806 0.0330391 0.0348701 0.20606 A5
0 0.669605 0.583025 0.0229349 0.0279162 0.645251 A6
0 0.388361 0.636571 0.0225234 0.0299038 0.820532 A7
0 0.566197 0.773231 0.0245018 0.0304996 0.556204 A8
0 0.720541 0.530886 0.0142064 0.0181799 0.508968 A9
0 0.488918 0.505605 0.0122924 0.0170269 0.594709 A10
0 0.588628 0.625468 0.018553 0.024581 0.74576 A11
0 0.533486 0.586077 0.0127262 0.0163746 0.633219 A12
0 0.583026 0.347412 0.0248979 0.0255607 0.257816 B1
