0 0.721012 0.343073 0.0175142 0.0163019 0.805622
0 0.613748 0.367579 0.0170449 0.0154443 0.797783
0 0.407191 0.466217 0.0150791 0.015578 0.793209
0 0.452997 0.559062 0.0148285 0.0146763 0.789701
0 0.479074 0.558477 0.0168709 0.0173963 0.74497
0 0.528945 0.388677 0.0147039 0.0165808 0.704874
0 0.500332 0.41999 0.0155998 0.0168718 0.689802
0 0.466714 0.632172 0.0137867 0.0173752 0.669515
0 0.895465 0.500281 0.0745224 0.117713 0.624052
0 0.341694 0.4563 0.0182132 0.0192006 0.580118
0 0.471682 0.344867 0.0161478 0.0205121 0.534198
0 0.646871 0.303518 0.0137708 0.0173712 0.532938
0 0.457479 0.284161 0.0179111 0.0188945 0.506242
0 0.379655 0.395205 0.0117433 0.0150373 0.497739
0 0.90147 0.597447 0.0564545 0.0539549 0.454226
0 0.570419 0.430692 0.0161718 0.0206189 0.451333
0 0.364882 0.635264 0.0201449 0.0195402 0.415771
0 0.606497 0.251856 0.00975437 0.0122532 0.413409
0 0.396041 0.7299 0.0146029 0.0168905 0.410455
0 0.710036 0.627629 0.0153433 0.0190987 0.388759
0 0.460757 0.482755 0.0178609 0.0173706 0.36935
0 0.498819 0.705262 0.0133914 0.0164307 0.36696
0 0.585226 0.299429 0.0168916 0.0183107 0.361462
0 0.558868 0.2472 0.0136572 0.013547 0.351908
0 0.39272 0.393578 0.0139136 0.0159232 0.342692
0 0.484834 0.781037 0.0151653 0.0148722 0.308074
0 0.377763 0.548349 0.0164834 0.0124645 0.307595
0 0.631875 0.605241 0.016923 0.0175997 0.307096
0 0.588883 0.666217 0.0172825 0.0203169 0.297829
0 0.574657 0.728648 0.015344 0.018058 0.240139
0 0.551361 0.343261 0.0149389 0.0158334 0.231113
0 0.388073 0.548599 0.016238 0.0144526 0.211261
0 0.460676 0.485254 0.0166933 0.0164951 0.209902
0 0.505189 0.241565 0.0138001 0.0182119 0.167159
0 0.374562 0.5457 0.0142454 0.0148033 0.127595
0 0.387274 0.550707 0.0157953 0.0142381 0.115682
0 0.67202 0.405992 0.0155722 0.0155523 0.102932
