0 0.388361 0.636571 0.0225234 0.0299038 0.820532
0 0.511997 0.419066 0.0223919 0.026107 0.764337
0 0.893398 0.50297 0.0791573 0.117531 0.749431
0 0.588628 0.625468 0.018553 0.024581 0.74576
0 0.468553 0.573446 0.0153004 0.0207535 0.686108
0 0.428627 0.356253 0.0255683 0.027887 0.673325
0 0.67616 0.346654 0.0133154 0.0150593 0.649592
0 0.669605 0.583025 0.0229349 0.0279162 0.645251
0 0.511352 0.308308 0.0148994 0.0244488 0.642094
0 0.533486 0.586077 0.0127262 0.0163746 0.633219
0 0.630606 0.531432 0.0154683 0.0183867 0.621176
0 0.488918 0.505605 0.0122924 0.0170269 0.594709
0 0.608606 0.456883 0.0166475 0.0211993 0.577716
0 0.566197 0.773231 0.0245018 0.0304996 0.556204
0 0.546558 0.512985 0.0263811 0.0264423 0.516885
0 0.720541 0.530886 0.0142064 0.0181799 0.508968
0 0.340456 0.403314 0.0155121 0.0224373 0.490449
0 0.632017 0.693314 0.013509 0.0183088 0.452571
0 0.335483 0.529399 0.0193416 0.0252798 0.28444
0 0.583026 0.347412 0.0248979 0.0255607 0.257816
0 0.890922 0.967006 0.163487 0.0659887 0.238819
0 0.504577 0.652806 0.0330391 0.0348701 0.20606
0 0.688384 0.449603 0.0254172 0.0294194 0.167113
