0 0.390282 0.33057 0.0227449 0.0211115 0.805586
0 0.418153 0.754265 0.0213724 0.0215712 0.674486
0 0.60296 0.527422 0.0178195 0.0178522 0.607073
0 0.336012 0.577001 0.0196234 0.0210632 0.581895
0 0.892594 0.504629 0.0731127 0.119933 0.554243
0 0.334179 0.452865 0.0208442 0.0224843 0.503495
0 0.607199 0.254593 0.0240735 0.0318232 0.501984
0 0.534038 0.565526 0.0179279 0.020936 0.468541
0 0.443156 0.591584 0.0208831 0.022286 0.406759
0 0.00502942 0.55147 0.0100588 0.036529 0.311155
0 0.362004 0.00485304 0.0461153 0.00970609 0.307129
0 0.497411 0.331898 0.022304 0.0246717 0.292089
0 0.732422 0.481458 0.0253874 0.0239931 0.250681
0 0.63938 0.413754 0.0233688 0.0277134 0.239516
0 0.830738 0.509019 0.0513443 0.104395 0.210937
0 0.435784 0.482577 0.0229994 0.0255432 0.183084
0 0.67068 0.711278 0.0187479 0.0226061 0.178099
0 0.718129 0.359395 0.018883 0.0228776 0.14106
