0 0.0627299 0.921622 0.0677967 0.0714594 0.708611
0 0.893571 0.479273 0.073403 0.112868 0.67618
0 0.0963202 0.641403 0.151029 0.131578 0.674633
0 0.41503 0.478571 0.0157763 0.0211756 0.608489
0 0.0695564 0.82116 0.0806224 0.101227 0.597911
0 0.0712383 0.971441 0.0819037 0.0571182 0.471824
0 0.900693 0.576118 0.0607756 0.0554861 0.415639
0 0.516903 0.590789 0.0099349 0.0166029 0.355752
0 0.627926 0.732494 0.0127891 0.0174858 0.284464
0 0.516748 0.376417 0.0147375 0.0241055 0.19337
0 0.464739 0.339623 0.0133932 0.0190358 0.187035
0 0.593372 0.472612 0.0118372 0.0214873 0.182267
0 0.337191 0.461504 0.0173965 0.0212374 0.176688
0 0.831577 0.487376 0.0508816 0.0988059 0.172116
0 0.706229 0.670908 0.00983543 0.0180801 0.140738
0 0.0736816 0.868916 0.0887457 0.0620701 0.126299
0 0.609713 0.598478 0.0136433 0.0172771 0.121424
0 0.0802044 0.526793 0.154222 0.260237 0.114576
0 0.31399 0.561288 0.0134539 0.0171885 0.113268
