0 0.630974 0.577696 0.0113768 0.0129785 0.818151
0 0.559131 0.630014 0.0111528 0.0151782 0.804615
0 0.591016 0.599108 0.0109282 0.0147251 0.797732
0 0.471418 0.745215 0.0119223 0.0156599 0.791884
0 0.542939 0.312804 0.0114292 0.0160394 0.790999
0 0.381303 0.556196 0.0126484 0.014496 0.790471
0 0.590294 0.327249 0.010193 0.0125876 0.779397
0 0.510376 0.303408 0.0118023 0.0162105 0.765511
0 0.647919 0.504287 0.0114728 0.0161902 0.757359
0 0.613072 0.361115 0.0101007 0.0123938 0.756268
0 0.451302 0.751989 0.0133283 0.0184443 0.749083
0 0.477343 0.462152 0.0140472 0.0194407 0.748361
0 0.629385 0.54773 0.00980492 0.0140661 0.745546
0 0.529459 0.698577 0.00997276 0.0119045 0.744776
0 0.333702 0.523467 0.0145802 0.0141182 0.739627
0 0.57833 0.621647 0.0100326 0.0140073 0.735731
0 0.414071 0.432644 0.0125406 0.0166302 0.732881
0 0.309241 0.529254 0.0110793 0.0138247 0.731296
0 0.478964 0.561826 0.0121705 0.0177073 0.72332
0 0.559889 0.463397 0.0118816 0.01726 0.722689
0 0.583447 0.417382 0.0112223 0.0137324 0.720082
0 0.565925 0.657313 0.0110912 0.0131798 0.713287
0 0.463974 0.664659 0.0127378 0.0172573 0.704499
0 0.534132 0.748846 0.0100938 0.0134682 0.703605
0 0.360329 0.477296 0.0115108 0.0141552 0.698982
0 0.480814 0.24855 0.010368 0.0133283 0.695184
0 0.340501 0.487023 0.0115778 0.0165268 0.694719
0 0.380528 0.349615 0.0119598 0.0174528 0.685811
0 0.615793 0.431372 0.00979919 0.0101627 0.681405
0 0.420912 0.264272 0.0123209 0.0164827 0.679866
0 0.425596 0.66728 0.0132034 0.0167923 0.674971
0 0.432191 0.239109 0.0110008 0.0139645 0.671702
0 0.5565 0.670915 0.0104441 0.0109928 0.668453
0 0.44354 0.337829 0.0136494 0.0177319 0.660723
0 0.492142 0.765484 0.0115881 0.0179247 0.659874
0 0.473364 0.629035 0.0129176 0.0138505 0.656088
0 0.381271 0.586702 0.0116356 0.0154246 0.640528
0 0.581852 0.684844 0.00934696 0.00916815 0.628666
0 0.55386 0.655617 0.00935841 0.0108641 0.622836
0 0.39646 0.610589 0.0104746 0.0137623 0.621515
0 0.597673 0.643068 0.00996399 0.0138281 0.621056
0 0.492937 0.568749 0.0138314 0.0171892 0.620945
0 0.33045 0.581242 0.0121965 0.0142442 0.617321
0 0.63322 0.389386 0.0109952 0.0133421 0.616222
0 0.633317 0.417454 0.0100235 0.0135685 0.614956
0 0.623137 0.611074 0.010561 0.0124365 0.613121
0 0.50885 0.262072 0.011315 0.0145743 0.607088
0 0.596126 0.30148 0.00912456 0.012458 0.592335
0 0.534058 0.675435 0.0114197 0.0136865 0.592303
0 0.626633 0.519532 0.0109194 0.0112795 0.588712
0 0.305639 0.58525 0.0113017 0.0141876 0.588622
0 0.64012 0.558266 0.0122705 0.0141232 0.586583
0 0.604687 0.447487 0.0091507 0.0103304 0.572228
0 0.381776 0.540563 0.0128788 0.0112427 0.559772
0 0.627374 0.505045 0.0117863 0.0106739 0.548947
0 0.570204 0.311734 0.01073 0.0143113 0.548369
0 0.395213 0.362719 0.0120661 0.0146616 0.548261
0 0.379255 0.489538 0.0116055 0.0169034 0.542755
0 0.521131 0.712278 0.0109381 0.0144978 0.536947
0 0.584204 0.432696 0.0105999 0.0120884 0.533502
0 0.49903 0.587448 0.0129721 0.0154216 0.52761
0 0.474606 0.625598 0.0126579 0.0128498 0.526922
0 0.470366 0.510726 0.0142792 0.0169477 0.518007
0 0.586013 0.314049 0.00974617 0.0105373 0.502789
0 0.618946 0.658824 0.0114118 0.0118475 0.502546
0 0.407888 0.67938 0.0188276 0.0182545 0.501321
0 0.605875 0.42119 0.00979633 0.00870743 0.495021
0 0.439317 0.27123 0.0109571 0.0144832 0.49337
0 0.558466 0.274174 0.0104887 0.0141351 0.492369
0 0.603849 0.400819 0.00988808 0.0134675 0.492223
0 0.521946 0.761952 0.0114656 0.0140676 0.489159
0 0.40586 0.568433 0.0124298 0.0128529 0.453421
0 0.609185 0.687268 0.0095377 0.0108986 0.452976
0 0.360397 0.495123 0.0111593 0.0126202 0.449312
0 0.616149 0.62159 0.00865879 0.0114593 0.447573
0 0.564251 0.699606 0.00997992 0.0140366 0.43738
0 0.578822 0.447814 0.0100489 0.012654 0.434104
0 0.412153 0.575162 0.0147649 0.0162376 0.427068
0 0.376716 0.613891 0.013454 0.0170341 0.41908
0 0.466673 0.229706 0.0153904 0.0158627 0.416481
0 0.49351 0.234536 0.0151045 0.013905 0.413975
0 0.609478 0.656869 0.00925455 0.0138494 0.407934
0 0.632659 0.642076 0.0106011 0.01107 0.405091
0 0.314572 0.573439 0.0121176 0.0128366 0.403518
0 0.624033 0.622561 0.0105034 0.0100645 0.401193
0 0.634974 0.62161 0.0108817 0.0108629 0.40078
0 0.646557 0.45574 0.012025 0.01483 0.400509
0 0.565421 0.257486 0.0110552 0.0106465 0.397298
0 0.617964 0.642553 0.00900097 0.00967598 0.394604
0 0.505567 0.721853 0.0114832 0.0122002 0.393048
0 0.320244 0.553003 0.0116372 0.0116915 0.386911
0 0.527999 0.644272 0.0134863 0.0150236 0.384684
0 0.601212 0.565512 0.0117447 0.0152704 0.382428
0 0.395275 0.619034 0.0124588 0.0153296 0.382167
0 0.352035 0.521676 0.010601 0.0139858 0.380977
0 0.601387 0.561272 0.0108934 0.0132132 0.378866
0 0.383867 0.390094 0.0129874 0.0148872 0.378706
0 0.601731 0.456972 0.0110607 0.0113273 0.371523
0 0.388538 0.407182 0.0128012 0.0103156 0.368437
0 0.560436 0.746303 0.00937252 0.0111929 0.367511
0 0.616923 0.45796 0.00835428 0.0109549 0.360904
0 0.525754 0.263224 0.0119788 0.0155531 0.359433
0 0.560174 0.296964 0.0145576 0.0139993 0.348609
0 0.308608 0.586383 0.013554 0.0127356 0.334327
0 0.530418 0.651518 0.0117001 0.0119158 0.327933
0 0.320084 0.53058 0.0105931 0.0135705 0.320431
0 0.605619 0.693426 0.00989094 0.00834579 0.317304
0 0.413978 0.373365 0.0109235 0.0153285 0.315255
0 0.37571 0.524229 0.0101426 0.0102688 0.310208
0 0.59366 0.692988 0.00935936 0.00889187 0.307846
0 0.589568 0.659008 0.0109324 0.0132206 0.301032
0 0.319218 0.608175 0.0180405 0.0144804 0.300682
0 0.587682 0.661735 0.0101483 0.0144257 0.299372
0 0.619334 0.421797 0.00862255 0.0112499 0.295583
0 0.617729 0.3311 0.0144405 0.0126775 0.294708
0 0.613903 0.411426 0.00932589 0.0107605 0.288171
0 0.613736 0.658541 0.0131042 0.0116575 0.281325
0 0.36093 0.487595 0.0110588 0.0122234 0.271744
0 0.584436 0.435416 0.0111654 0.0115837 0.269997
0 0.601513 0.467538 0.0107585 0.0120648 0.269679
0 0.318036 0.592059 0.0118146 0.0120625 0.258422
0 0.329624 0.532991 0.0108939 0.00932369 0.253978
0 0.608028 0.645821 0.00994663 0.0117089 0.253807
