0 0.721012 0.343073 0.0175142 0.0163019 0.805622
0 0.407191 0.466217 0.0150791 0.015578 0.793209
0 0.528945 0.388677 0.0147039 0.0165808 0.704874
0 0.466714 0.632172 0.0137867 0.0173752 0.669515
0 0.341694 0.4563 0.0182132 0.0192006 0.580118
0 0.646871 0.303518 0.0137708 0.0173712 0.532938
0 0.570419 0.430692 0.0161718 0.0206189 0.451333
0 0.396041 0.7299 0.0146029 0.0168905 0.410455
0 0.498819 0.705262 0.0133914 0.0164307 0.36696
0 0.558868 0.2472 0.0136572 0.013547 0.351908
0 0.484834 0.781037 0.0151653 0.0148722 0.308074
0 0.631875 0.605241 0.016923 0.0175997 0.307096
0 0.574657 0.728648 0.015344 0.018058 0.240139
0 0.505189 0.241565 0.0138001 0.0182119 0.167159
